37.544808, 127.078985,
37.544733, 127.079043,
37.544663, 127.079100,
37.544598, 127.079138,
37.544538, 127.079165,
37.544464, 127.079187,
37.544391, 127.079196,
37.544317, 127.079194,
37.544221, 127.079160,
37.544136, 127.079108,
37.544067, 127.079050,
37.544008, 127.078965,
37.543968, 127.078892,
37.543937, 127.078777,
37.543910, 127.078635,
37.543895, 127.078502,
37.543885, 127.078362,
37.543869, 127.078208,
37.543841, 127.078087,
37.543781, 127.078072,
37.543683, 127.078056,
37.543599, 127.078046
